(kicad_pcb (version 20171130) (host pcbnew "(5.1.10)-1")

  (general
    (thickness 1.6)
    (drawings 5)
    (tracks 342)
    (zones 0)
    (modules 73)
    (nets 77)
  )

  (page A4)
  (layers
    (0 F._GND power hide)
    (1 F._12V power hide)
    (2 B._24V power)
    (31 B.Gnd power hide)
    (32 B.Adhes user)
    (33 F.Adhes user)
    (34 B.Paste user)
    (35 F.Paste user)
    (36 B.SilkS user)
    (37 F.SilkS user hide)
    (38 B.Mask user)
    (39 F.Mask user)
    (40 Dwgs.User user)
    (41 Cmts.User user)
    (42 Eco1.User user)
    (43 Eco2.User user)
    (44 Edge.Cuts user)
    (45 Margin user)
    (46 B.CrtYd user)
    (47 F.CrtYd user)
    (48 B.Fab user)
    (49 F.Fab user hide)
  )

  (setup
    (last_trace_width 0.25)
    (trace_clearance 0.2)
    (zone_clearance 0.508)
    (zone_45_only no)
    (trace_min 0.2)
    (via_size 0.8)
    (via_drill 0.4)
    (via_min_size 0.4)
    (via_min_drill 0.3)
    (uvia_size 0.3)
    (uvia_drill 0.1)
    (uvias_allowed no)
    (uvia_min_size 0.2)
    (uvia_min_drill 0.1)
    (edge_width 0.05)
    (segment_width 0.2)
    (pcb_text_width 0.3)
    (pcb_text_size 1.5 1.5)
    (mod_edge_width 0.12)
    (mod_text_size 1 1)
    (mod_text_width 0.15)
    (pad_size 1.524 1.524)
    (pad_drill 0.762)
    (pad_to_mask_clearance 0)
    (aux_axis_origin 0 0)
    (grid_origin 43.688 58.928)
    (visible_elements 7FFFFFFF)
    (pcbplotparams
      (layerselection 0x010fc_ffffffff)
      (usegerberextensions false)
      (usegerberattributes true)
      (usegerberadvancedattributes true)
      (creategerberjobfile true)
      (excludeedgelayer true)
      (linewidth 0.100000)
      (plotframeref false)
      (viasonmask false)
      (mode 1)
      (useauxorigin false)
      (hpglpennumber 1)
      (hpglpenspeed 20)
      (hpglpendiameter 15.000000)
      (psnegative false)
      (psa4output false)
      (plotreference true)
      (plotvalue true)
      (plotinvisibletext false)
      (padsonsilk false)
      (subtractmaskfromsilk false)
      (outputformat 1)
      (mirror false)
      (drillshape 1)
      (scaleselection 1)
      (outputdirectory ""))
  )

  (net 0 "")
  (net 1 GND)
  (net 2 "Net-(C3-Pad2)")
  (net 3 "Net-(C4-Pad1)")
  (net 4 "Net-(C5-Pad1)")
  (net 5 "Net-(C6-Pad1)")
  (net 6 "Net-(C7-Pad1)")
  (net 7 "Net-(C8-Pad1)")
  (net 8 "Net-(C9-Pad1)")
  (net 9 "Net-(D1-Pad1)")
  (net 10 "Net-(D2-Pad1)")
  (net 11 "Net-(D3-Pad2)")
  (net 12 "Net-(D4-Pad2)")
  (net 13 "Net-(D5-Pad1)")
  (net 14 "Net-(D6-Pad2)")
  (net 15 "Net-(D7-Pad2)")
  (net 16 "Net-(K3-Pad14)")
  (net 17 "Net-(K3-Pad7)")
  (net 18 "Net-(K3-Pad1)")
  (net 19 "Net-(K20-Pad1)")
  (net 20 "Net-(K20-Pad7)")
  (net 21 "Net-(K20-Pad14)")
  (net 22 "Net-(Q1-Pad3)")
  (net 23 "Net-(Q2-Pad1)")
  (net 24 "Net-(Q3-Pad2)")
  (net 25 "Net-(Q3-Pad3)")
  (net 26 "Net-(J3-Pad1)")
  (net 27 "Net-(Q4-Pad1)")
  (net 28 "Net-(J2-Pad2)")
  (net 29 /Comparador_y_salida_relé_arranque/12V)
  (net 30 "Net-(R3-Pad1)")
  (net 31 "Net-(R3-Pad2)")
  (net 32 "Net-(R4-Pad2)")
  (net 33 /Conversor_f_a_V/15V)
  (net 34 /Comparador_y_salida_relé_arranque/A)
  (net 35 "Net-(R9-Pad1)")
  (net 36 "Net-(R10-Pad2)")
  (net 37 "Net-(R11-Pad1)")
  (net 38 "Net-(R12-Pad2)")
  (net 39 "Net-(R14-Pad1)")
  (net 40 "Net-(R15-Pad2)")
  (net 41 "Net-(R15-Pad1)")
  (net 42 "Net-(R16-Pad1)")
  (net 43 "Net-(R17-Pad2)")
  (net 44 "Net-(R19-Pad1)")
  (net 45 "Net-(R19-Pad2)")
  (net 46 "Net-(R20-Pad1)")
  (net 47 "Net-(R21-Pad2)")
  (net 48 "Net-(R25-Pad1)")
  (net 49 "Net-(R26-Pad2)")
  (net 50 "Net-(R27-Pad2)")
  (net 51 "Net-(R28-Pad1)")
  (net 52 "Net-(R30-Pad1)")
  (net 53 "Net-(R31-Pad1)")
  (net 54 "Net-(R31-Pad2)")
  (net 55 "Net-(R32-Pad2)")
  (net 56 "Net-(R33-Pad1)")
  (net 57 "Net-(Rtrim1-Pad2)")
  (net 58 "Net-(RV4-Pad1)")
  (net 59 "Net-(U1-Pad5)")
  (net 60 "Net-(J1-Pad1)")
  (net 61 "Net-(U2-Pad1)")
  (net 62 "Net-(U2-Pad2)")
  (net 63 "Net-(U2-Pad3)")
  (net 64 "Net-(U2-Pad4)")
  (net 65 "Net-(U2-Pad5)")
  (net 66 "Net-(U2-Pad6)")
  (net 67 "Net-(U2-Pad7)")
  (net 68 "Net-(U2-Pad9)")
  (net 69 "Net-(U2-Pad12)")
  (net 70 "Net-(U2-Pad13)")
  (net 71 "Net-(U2-Pad14)")
  (net 72 "Net-(U2-Pad15)")
  (net 73 "Net-(U3-Pad2)")
  (net 74 A)
  (net 75 +12V)
  (net 76 +24V)

  (net_class Default "This is the default net class."
    (clearance 0.2)
    (trace_width 0.25)
    (via_dia 0.8)
    (via_drill 0.4)
    (uvia_dia 0.3)
    (uvia_drill 0.1)
    (add_net +12V)
    (add_net +24V)
    (add_net /Comparador_y_salida_relé_arranque/12V)
    (add_net /Comparador_y_salida_relé_arranque/A)
    (add_net /Conversor_f_a_V/15V)
    (add_net A)
    (add_net GND)
    (add_net "Net-(C3-Pad2)")
    (add_net "Net-(C4-Pad1)")
    (add_net "Net-(C5-Pad1)")
    (add_net "Net-(C6-Pad1)")
    (add_net "Net-(C7-Pad1)")
    (add_net "Net-(C8-Pad1)")
    (add_net "Net-(C9-Pad1)")
    (add_net "Net-(D1-Pad1)")
    (add_net "Net-(D2-Pad1)")
    (add_net "Net-(D3-Pad2)")
    (add_net "Net-(D4-Pad2)")
    (add_net "Net-(D5-Pad1)")
    (add_net "Net-(D6-Pad2)")
    (add_net "Net-(D7-Pad2)")
    (add_net "Net-(J1-Pad1)")
    (add_net "Net-(J2-Pad2)")
    (add_net "Net-(J3-Pad1)")
    (add_net "Net-(K20-Pad1)")
    (add_net "Net-(K20-Pad14)")
    (add_net "Net-(K20-Pad7)")
    (add_net "Net-(K3-Pad1)")
    (add_net "Net-(K3-Pad14)")
    (add_net "Net-(K3-Pad7)")
    (add_net "Net-(Q1-Pad3)")
    (add_net "Net-(Q2-Pad1)")
    (add_net "Net-(Q3-Pad2)")
    (add_net "Net-(Q3-Pad3)")
    (add_net "Net-(Q4-Pad1)")
    (add_net "Net-(R10-Pad2)")
    (add_net "Net-(R11-Pad1)")
    (add_net "Net-(R12-Pad2)")
    (add_net "Net-(R14-Pad1)")
    (add_net "Net-(R15-Pad1)")
    (add_net "Net-(R15-Pad2)")
    (add_net "Net-(R16-Pad1)")
    (add_net "Net-(R17-Pad2)")
    (add_net "Net-(R19-Pad1)")
    (add_net "Net-(R19-Pad2)")
    (add_net "Net-(R20-Pad1)")
    (add_net "Net-(R21-Pad2)")
    (add_net "Net-(R25-Pad1)")
    (add_net "Net-(R26-Pad2)")
    (add_net "Net-(R27-Pad2)")
    (add_net "Net-(R28-Pad1)")
    (add_net "Net-(R3-Pad1)")
    (add_net "Net-(R3-Pad2)")
    (add_net "Net-(R30-Pad1)")
    (add_net "Net-(R31-Pad1)")
    (add_net "Net-(R31-Pad2)")
    (add_net "Net-(R32-Pad2)")
    (add_net "Net-(R33-Pad1)")
    (add_net "Net-(R4-Pad2)")
    (add_net "Net-(R9-Pad1)")
    (add_net "Net-(RV4-Pad1)")
    (add_net "Net-(Rtrim1-Pad2)")
    (add_net "Net-(U1-Pad5)")
    (add_net "Net-(U2-Pad1)")
    (add_net "Net-(U2-Pad12)")
    (add_net "Net-(U2-Pad13)")
    (add_net "Net-(U2-Pad14)")
    (add_net "Net-(U2-Pad15)")
    (add_net "Net-(U2-Pad2)")
    (add_net "Net-(U2-Pad3)")
    (add_net "Net-(U2-Pad4)")
    (add_net "Net-(U2-Pad5)")
    (add_net "Net-(U2-Pad6)")
    (add_net "Net-(U2-Pad7)")
    (add_net "Net-(U2-Pad9)")
    (add_net "Net-(U3-Pad2)")
  )

  (module Package_SO:SOIC-8-1EP_3.9x4.9mm_P1.27mm_EP2.29x3mm (layer F._GND) (tedit 5DC5FE76) (tstamp 6194464D)
    (at 89.185001 90.655001)
    (descr "SOIC, 8 Pin (https://www.analog.com/media/en/technical-documentation/data-sheets/ada4898-1_4898-2.pdf#page=29), generated with kicad-footprint-generator ipc_gullwing_generator.py")
    (tags "SOIC SO")
    (path /61322896/618C6F9F)
    (attr smd)
    (fp_text reference U5 (at 0 -3.4) (layer F.SilkS)
      (effects (font (size 1 1) (thickness 0.15)))
    )
    (fp_text value TL082 (at 0 3.4) (layer F.Fab)
      (effects (font (size 1 1) (thickness 0.15)))
    )
    (fp_line (start 0 2.56) (end 1.95 2.56) (layer F.SilkS) (width 0.12))
    (fp_line (start 0 2.56) (end -1.95 2.56) (layer F.SilkS) (width 0.12))
    (fp_line (start 0 -2.56) (end 1.95 -2.56) (layer F.SilkS) (width 0.12))
    (fp_line (start 0 -2.56) (end -3.45 -2.56) (layer F.SilkS) (width 0.12))
    (fp_line (start -0.975 -2.45) (end 1.95 -2.45) (layer F.Fab) (width 0.1))
    (fp_line (start 1.95 -2.45) (end 1.95 2.45) (layer F.Fab) (width 0.1))
    (fp_line (start 1.95 2.45) (end -1.95 2.45) (layer F.Fab) (width 0.1))
    (fp_line (start -1.95 2.45) (end -1.95 -1.475) (layer F.Fab) (width 0.1))
    (fp_line (start -1.95 -1.475) (end -0.975 -2.45) (layer F.Fab) (width 0.1))
    (fp_line (start -3.7 -2.7) (end -3.7 2.7) (layer F.CrtYd) (width 0.05))
    (fp_line (start -3.7 2.7) (end 3.7 2.7) (layer F.CrtYd) (width 0.05))
    (fp_line (start 3.7 2.7) (end 3.7 -2.7) (layer F.CrtYd) (width 0.05))
    (fp_line (start 3.7 -2.7) (end -3.7 -2.7) (layer F.CrtYd) (width 0.05))
    (fp_text user %R (at 0 0) (layer F.Fab)
      (effects (font (size 0.98 0.98) (thickness 0.15)))
    )
    (pad "" smd roundrect (at 0.57 0.75) (size 0.92 1.21) (layers F.Paste) (roundrect_rratio 0.25))
    (pad "" smd roundrect (at 0.57 -0.75) (size 0.92 1.21) (layers F.Paste) (roundrect_rratio 0.25))
    (pad "" smd roundrect (at -0.57 0.75) (size 0.92 1.21) (layers F.Paste) (roundrect_rratio 0.25))
    (pad "" smd roundrect (at -0.57 -0.75) (size 0.92 1.21) (layers F.Paste) (roundrect_rratio 0.25))
    (pad 9 smd rect (at 0 0) (size 2.29 3) (layers F._GND F.Mask))
    (pad 8 smd roundrect (at 2.475 -1.905) (size 1.95 0.6) (layers F._GND F.Paste F.Mask) (roundrect_rratio 0.25)
      (net 75 +12V))
    (pad 7 smd roundrect (at 2.475 -0.635) (size 1.95 0.6) (layers F._GND F.Paste F.Mask) (roundrect_rratio 0.25)
      (net 10 "Net-(D2-Pad1)"))
    (pad 6 smd roundrect (at 2.475 0.635) (size 1.95 0.6) (layers F._GND F.Paste F.Mask) (roundrect_rratio 0.25)
      (net 35 "Net-(R9-Pad1)"))
    (pad 5 smd roundrect (at 2.475 1.905) (size 1.95 0.6) (layers F._GND F.Paste F.Mask) (roundrect_rratio 0.25)
      (net 36 "Net-(R10-Pad2)"))
    (pad 4 smd roundrect (at -2.475 1.905) (size 1.95 0.6) (layers F._GND F.Paste F.Mask) (roundrect_rratio 0.25)
      (net 1 GND))
    (pad 3 smd roundrect (at -2.475 0.635) (size 1.95 0.6) (layers F._GND F.Paste F.Mask) (roundrect_rratio 0.25)
      (net 40 "Net-(R15-Pad2)"))
    (pad 2 smd roundrect (at -2.475 -0.635) (size 1.95 0.6) (layers F._GND F.Paste F.Mask) (roundrect_rratio 0.25)
      (net 39 "Net-(R14-Pad1)"))
    (pad 1 smd roundrect (at -2.475 -1.905) (size 1.95 0.6) (layers F._GND F.Paste F.Mask) (roundrect_rratio 0.25)
      (net 41 "Net-(R15-Pad1)"))
    (model ${KISYS3DMOD}/Package_SO.3dshapes/SOIC-8-1EP_3.9x4.9mm_P1.27mm_EP2.29x3mm.wrl
      (at (xyz 0 0 0))
      (scale (xyz 1 1 1))
      (rotate (xyz 0 0 0))
    )
  )

  (module Converter_DCDC:MTC1S2412MC-R13 (layer F._GND) (tedit 618C88FF) (tstamp 619445CD)
    (at 65.688 63.928 270)
    (path /612E3FD7/618D6B55)
    (fp_text reference U1 (at 3.82 -3.75 90) (layer F.SilkS)
      (effects (font (size 1 1) (thickness 0.15)))
    )
    (fp_text value MTC1S2412MC-R13 (at 3.87 -5.69 90) (layer F.Fab)
      (effects (font (size 1 1) (thickness 0.15)))
    )
    (fp_line (start -3.7 12.34) (end -3.7 -1.88) (layer F.SilkS) (width 0.12))
    (fp_line (start 11.29 12.34) (end -3.7 12.34) (layer F.SilkS) (width 0.12))
    (fp_line (start 11.29 -1.88) (end 11.29 12.34) (layer F.SilkS) (width 0.12))
    (fp_line (start -3.7 -1.88) (end 11.29 -1.88) (layer F.SilkS) (width 0.12))
    (pad 5 smd rect (at -2.79 -0.76 270) (size 1.37 1.91) (layers F._GND F.Paste F.Mask)
      (net 59 "Net-(U1-Pad5)"))
    (pad 6 smd rect (at -2.79 1.52 270) (size 1.37 1.91) (layers F._GND F.Paste F.Mask)
      (net 60 "Net-(J1-Pad1)"))
    (pad 4 smd rect (at 10.16 -1.02 180) (size 1.37 1.91) (layers F._GND F.Paste F.Mask)
      (net 75 +12V))
    (pad 3 smd rect (at 10.16 3.81 270) (size 1.37 1.91) (layers F._GND F.Paste F.Mask)
      (net 57 "Net-(Rtrim1-Pad2)"))
    (pad 1 smd rect (at -2.54 11.43 180) (size 1.37 1.91) (layers F._GND F.Paste F.Mask)
      (net 76 +24V))
    (pad 2 smd rect (at 10.12 11.43 180) (size 1.37 1.91) (layers F._GND F.Paste F.Mask)
      (net 1 GND))
  )

  (module Capacitor_SMD:C_0603_1608Metric_Pad1.08x0.95mm_HandSolder (layer F._GND) (tedit 5F68FEEF) (tstamp 619FB076)
    (at 71.2755 94.078)
    (descr "Capacitor SMD 0603 (1608 Metric), square (rectangular) end terminal, IPC_7351 nominal with elongated pad for handsoldering. (Body size source: IPC-SM-782 page 76, https://www.pcb-3d.com/wordpress/wp-content/uploads/ipc-sm-782a_amendment_1_and_2.pdf), generated with kicad-footprint-generator")
    (tags "capacitor handsolder")
    (path /612E15A4/6131282E)
    (attr smd)
    (fp_text reference C3 (at 0 -1.43) (layer F.SilkS)
      (effects (font (size 1 1) (thickness 0.15)))
    )
    (fp_text value 0.022uF (at -4.7875 -0.05) (layer F.Fab)
      (effects (font (size 1 1) (thickness 0.15)))
    )
    (fp_line (start 1.65 0.73) (end -1.65 0.73) (layer F.CrtYd) (width 0.05))
    (fp_line (start 1.65 -0.73) (end 1.65 0.73) (layer F.CrtYd) (width 0.05))
    (fp_line (start -1.65 -0.73) (end 1.65 -0.73) (layer F.CrtYd) (width 0.05))
    (fp_line (start -1.65 0.73) (end -1.65 -0.73) (layer F.CrtYd) (width 0.05))
    (fp_line (start -0.146267 0.51) (end 0.146267 0.51) (layer F.SilkS) (width 0.12))
    (fp_line (start -0.146267 -0.51) (end 0.146267 -0.51) (layer F.SilkS) (width 0.12))
    (fp_line (start 0.8 0.4) (end -0.8 0.4) (layer F.Fab) (width 0.1))
    (fp_line (start 0.8 -0.4) (end 0.8 0.4) (layer F.Fab) (width 0.1))
    (fp_line (start -0.8 -0.4) (end 0.8 -0.4) (layer F.Fab) (width 0.1))
    (fp_line (start -0.8 0.4) (end -0.8 -0.4) (layer F.Fab) (width 0.1))
    (fp_text user %R (at 0 0) (layer F.Fab)
      (effects (font (size 0.4 0.4) (thickness 0.06)))
    )
    (pad 1 smd roundrect (at -0.8625 0) (size 1.075 0.95) (layers F._GND F.Paste F.Mask) (roundrect_rratio 0.25)
      (net 1 GND))
    (pad 2 smd roundrect (at 0.8625 0) (size 1.075 0.95) (layers F._GND F.Paste F.Mask) (roundrect_rratio 0.25)
      (net 2 "Net-(C3-Pad2)"))
    (model ${KISYS3DMOD}/Capacitor_SMD.3dshapes/C_0603_1608Metric.wrl
      (at (xyz 0 0 0))
      (scale (xyz 1 1 1))
      (rotate (xyz 0 0 0))
    )
  )

  (module Capacitor_SMD:C_0603_1608Metric_Pad1.08x0.95mm_HandSolder (layer F._GND) (tedit 5F68FEEF) (tstamp 61944190)
    (at 104.538 91.328 180)
    (descr "Capacitor SMD 0603 (1608 Metric), square (rectangular) end terminal, IPC_7351 nominal with elongated pad for handsoldering. (Body size source: IPC-SM-782 page 76, https://www.pcb-3d.com/wordpress/wp-content/uploads/ipc-sm-782a_amendment_1_and_2.pdf), generated with kicad-footprint-generator")
    (tags "capacitor handsolder")
    (path /61322896/6133F723)
    (attr smd)
    (fp_text reference C4 (at 0 -1.43) (layer F.SilkS)
      (effects (font (size 1 1) (thickness 0.15)))
    )
    (fp_text value 1uF (at 0 1.43) (layer F.Fab)
      (effects (font (size 1 1) (thickness 0.15)))
    )
    (fp_line (start 1.65 0.73) (end -1.65 0.73) (layer F.CrtYd) (width 0.05))
    (fp_line (start 1.65 -0.73) (end 1.65 0.73) (layer F.CrtYd) (width 0.05))
    (fp_line (start -1.65 -0.73) (end 1.65 -0.73) (layer F.CrtYd) (width 0.05))
    (fp_line (start -1.65 0.73) (end -1.65 -0.73) (layer F.CrtYd) (width 0.05))
    (fp_line (start -0.146267 0.51) (end 0.146267 0.51) (layer F.SilkS) (width 0.12))
    (fp_line (start -0.146267 -0.51) (end 0.146267 -0.51) (layer F.SilkS) (width 0.12))
    (fp_line (start 0.8 0.4) (end -0.8 0.4) (layer F.Fab) (width 0.1))
    (fp_line (start 0.8 -0.4) (end 0.8 0.4) (layer F.Fab) (width 0.1))
    (fp_line (start -0.8 -0.4) (end 0.8 -0.4) (layer F.Fab) (width 0.1))
    (fp_line (start -0.8 0.4) (end -0.8 -0.4) (layer F.Fab) (width 0.1))
    (fp_text user %R (at 0 0) (layer F.Fab)
      (effects (font (size 0.4 0.4) (thickness 0.06)))
    )
    (pad 1 smd roundrect (at -0.8625 0 180) (size 1.075 0.95) (layers F._GND F.Paste F.Mask) (roundrect_rratio 0.25)
      (net 3 "Net-(C4-Pad1)"))
    (pad 2 smd roundrect (at 0.8625 0 180) (size 1.075 0.95) (layers F._GND F.Paste F.Mask) (roundrect_rratio 0.25)
      (net 1 GND))
    (model ${KISYS3DMOD}/Capacitor_SMD.3dshapes/C_0603_1608Metric.wrl
      (at (xyz 0 0 0))
      (scale (xyz 1 1 1))
      (rotate (xyz 0 0 0))
    )
  )

  (module Capacitor_SMD:C_0603_1608Metric_Pad1.08x0.95mm_HandSolder (layer F._GND) (tedit 5F68FEEF) (tstamp 619441A1)
    (at 104.488 87.028 180)
    (descr "Capacitor SMD 0603 (1608 Metric), square (rectangular) end terminal, IPC_7351 nominal with elongated pad for handsoldering. (Body size source: IPC-SM-782 page 76, https://www.pcb-3d.com/wordpress/wp-content/uploads/ipc-sm-782a_amendment_1_and_2.pdf), generated with kicad-footprint-generator")
    (tags "capacitor handsolder")
    (path /61322896/6133F735)
    (attr smd)
    (fp_text reference C5 (at 3.3 -0.5) (layer F.SilkS)
      (effects (font (size 1 1) (thickness 0.15)))
    )
    (fp_text value 1uF (at 0 1.43) (layer F.Fab)
      (effects (font (size 1 1) (thickness 0.15)))
    )
    (fp_line (start -0.8 0.4) (end -0.8 -0.4) (layer F.Fab) (width 0.1))
    (fp_line (start -0.8 -0.4) (end 0.8 -0.4) (layer F.Fab) (width 0.1))
    (fp_line (start 0.8 -0.4) (end 0.8 0.4) (layer F.Fab) (width 0.1))
    (fp_line (start 0.8 0.4) (end -0.8 0.4) (layer F.Fab) (width 0.1))
    (fp_line (start -0.146267 -0.51) (end 0.146267 -0.51) (layer F.SilkS) (width 0.12))
    (fp_line (start -0.146267 0.51) (end 0.146267 0.51) (layer F.SilkS) (width 0.12))
    (fp_line (start -1.65 0.73) (end -1.65 -0.73) (layer F.CrtYd) (width 0.05))
    (fp_line (start -1.65 -0.73) (end 1.65 -0.73) (layer F.CrtYd) (width 0.05))
    (fp_line (start 1.65 -0.73) (end 1.65 0.73) (layer F.CrtYd) (width 0.05))
    (fp_line (start 1.65 0.73) (end -1.65 0.73) (layer F.CrtYd) (width 0.05))
    (fp_text user %R (at 0 0) (layer F.Fab)
      (effects (font (size 0.4 0.4) (thickness 0.06)))
    )
    (pad 2 smd roundrect (at 0.8625 0 180) (size 1.075 0.95) (layers F._GND F.Paste F.Mask) (roundrect_rratio 0.25)
      (net 1 GND))
    (pad 1 smd roundrect (at -0.8625 0 180) (size 1.075 0.95) (layers F._GND F.Paste F.Mask) (roundrect_rratio 0.25)
      (net 4 "Net-(C5-Pad1)"))
    (model ${KISYS3DMOD}/Capacitor_SMD.3dshapes/C_0603_1608Metric.wrl
      (at (xyz 0 0 0))
      (scale (xyz 1 1 1))
      (rotate (xyz 0 0 0))
    )
  )

  (module Capacitor_SMD:C_0603_1608Metric_Pad1.08x0.95mm_HandSolder (layer F._GND) (tedit 5F68FEEF) (tstamp 619441B2)
    (at 96.688 86.828 180)
    (descr "Capacitor SMD 0603 (1608 Metric), square (rectangular) end terminal, IPC_7351 nominal with elongated pad for handsoldering. (Body size source: IPC-SM-782 page 76, https://www.pcb-3d.com/wordpress/wp-content/uploads/ipc-sm-782a_amendment_1_and_2.pdf), generated with kicad-footprint-generator")
    (tags "capacitor handsolder")
    (path /61322896/613630A1)
    (attr smd)
    (fp_text reference C6 (at 0 -1.43) (layer F.SilkS)
      (effects (font (size 1 1) (thickness 0.15)))
    )
    (fp_text value 2.2uF (at 0 1.43) (layer F.Fab)
      (effects (font (size 1 1) (thickness 0.15)))
    )
    (fp_line (start 1.65 0.73) (end -1.65 0.73) (layer F.CrtYd) (width 0.05))
    (fp_line (start 1.65 -0.73) (end 1.65 0.73) (layer F.CrtYd) (width 0.05))
    (fp_line (start -1.65 -0.73) (end 1.65 -0.73) (layer F.CrtYd) (width 0.05))
    (fp_line (start -1.65 0.73) (end -1.65 -0.73) (layer F.CrtYd) (width 0.05))
    (fp_line (start -0.146267 0.51) (end 0.146267 0.51) (layer F.SilkS) (width 0.12))
    (fp_line (start -0.146267 -0.51) (end 0.146267 -0.51) (layer F.SilkS) (width 0.12))
    (fp_line (start 0.8 0.4) (end -0.8 0.4) (layer F.Fab) (width 0.1))
    (fp_line (start 0.8 -0.4) (end 0.8 0.4) (layer F.Fab) (width 0.1))
    (fp_line (start -0.8 -0.4) (end 0.8 -0.4) (layer F.Fab) (width 0.1))
    (fp_line (start -0.8 0.4) (end -0.8 -0.4) (layer F.Fab) (width 0.1))
    (fp_text user %R (at 0 0) (layer F.Fab)
      (effects (font (size 0.4 0.4) (thickness 0.06)))
    )
    (pad 1 smd roundrect (at -0.8625 0 180) (size 1.075 0.95) (layers F._GND F.Paste F.Mask) (roundrect_rratio 0.25)
      (net 5 "Net-(C6-Pad1)"))
    (pad 2 smd roundrect (at 0.8625 0 180) (size 1.075 0.95) (layers F._GND F.Paste F.Mask) (roundrect_rratio 0.25)
      (net 1 GND))
    (model ${KISYS3DMOD}/Capacitor_SMD.3dshapes/C_0603_1608Metric.wrl
      (at (xyz 0 0 0))
      (scale (xyz 1 1 1))
      (rotate (xyz 0 0 0))
    )
  )

  (module Capacitor_SMD:C_0603_1608Metric_Pad1.08x0.95mm_HandSolder (layer F._GND) (tedit 5F68FEEF) (tstamp 61A157A7)
    (at 123.088 63.2405 270)
    (descr "Capacitor SMD 0603 (1608 Metric), square (rectangular) end terminal, IPC_7351 nominal with elongated pad for handsoldering. (Body size source: IPC-SM-782 page 76, https://www.pcb-3d.com/wordpress/wp-content/uploads/ipc-sm-782a_amendment_1_and_2.pdf), generated with kicad-footprint-generator")
    (tags "capacitor handsolder")
    (path /618B375A/618C6F99)
    (attr smd)
    (fp_text reference C7 (at 0 -1.43 90) (layer F.SilkS)
      (effects (font (size 1 1) (thickness 0.15)))
    )
    (fp_text value 1uF (at 0 1.43 90) (layer F.Fab)
      (effects (font (size 1 1) (thickness 0.15)))
    )
    (fp_line (start -0.8 0.4) (end -0.8 -0.4) (layer F.Fab) (width 0.1))
    (fp_line (start -0.8 -0.4) (end 0.8 -0.4) (layer F.Fab) (width 0.1))
    (fp_line (start 0.8 -0.4) (end 0.8 0.4) (layer F.Fab) (width 0.1))
    (fp_line (start 0.8 0.4) (end -0.8 0.4) (layer F.Fab) (width 0.1))
    (fp_line (start -0.146267 -0.51) (end 0.146267 -0.51) (layer F.SilkS) (width 0.12))
    (fp_line (start -0.146267 0.51) (end 0.146267 0.51) (layer F.SilkS) (width 0.12))
    (fp_line (start -1.65 0.73) (end -1.65 -0.73) (layer F.CrtYd) (width 0.05))
    (fp_line (start -1.65 -0.73) (end 1.65 -0.73) (layer F.CrtYd) (width 0.05))
    (fp_line (start 1.65 -0.73) (end 1.65 0.73) (layer F.CrtYd) (width 0.05))
    (fp_line (start 1.65 0.73) (end -1.65 0.73) (layer F.CrtYd) (width 0.05))
    (fp_text user %R (at 0 0 90) (layer F.Fab)
      (effects (font (size 0.4 0.4) (thickness 0.06)))
    )
    (pad 2 smd roundrect (at 0.8625 0 270) (size 1.075 0.95) (layers F._GND F.Paste F.Mask) (roundrect_rratio 0.25)
      (net 1 GND))
    (pad 1 smd roundrect (at -0.8625 0 270) (size 1.075 0.95) (layers F._GND F.Paste F.Mask) (roundrect_rratio 0.25)
      (net 6 "Net-(C7-Pad1)"))
    (model ${KISYS3DMOD}/Capacitor_SMD.3dshapes/C_0603_1608Metric.wrl
      (at (xyz 0 0 0))
      (scale (xyz 1 1 1))
      (rotate (xyz 0 0 0))
    )
  )

  (module Capacitor_SMD:C_0603_1608Metric_Pad1.08x0.95mm_HandSolder (layer F._GND) (tedit 5F68FEEF) (tstamp 61A15B7C)
    (at 78.075001 70.320999 90)
    (descr "Capacitor SMD 0603 (1608 Metric), square (rectangular) end terminal, IPC_7351 nominal with elongated pad for handsoldering. (Body size source: IPC-SM-782 page 76, https://www.pcb-3d.com/wordpress/wp-content/uploads/ipc-sm-782a_amendment_1_and_2.pdf), generated with kicad-footprint-generator")
    (tags "capacitor handsolder")
    (path /618B375A/618C6F9B)
    (attr smd)
    (fp_text reference C8 (at 0 -1.43 90) (layer F.SilkS)
      (effects (font (size 1 1) (thickness 0.15)))
    )
    (fp_text value 1uF (at 0 1.43 90) (layer F.Fab)
      (effects (font (size 1 1) (thickness 0.15)))
    )
    (fp_line (start 1.65 0.73) (end -1.65 0.73) (layer F.CrtYd) (width 0.05))
    (fp_line (start 1.65 -0.73) (end 1.65 0.73) (layer F.CrtYd) (width 0.05))
    (fp_line (start -1.65 -0.73) (end 1.65 -0.73) (layer F.CrtYd) (width 0.05))
    (fp_line (start -1.65 0.73) (end -1.65 -0.73) (layer F.CrtYd) (width 0.05))
    (fp_line (start -0.146267 0.51) (end 0.146267 0.51) (layer F.SilkS) (width 0.12))
    (fp_line (start -0.146267 -0.51) (end 0.146267 -0.51) (layer F.SilkS) (width 0.12))
    (fp_line (start 0.8 0.4) (end -0.8 0.4) (layer F.Fab) (width 0.1))
    (fp_line (start 0.8 -0.4) (end 0.8 0.4) (layer F.Fab) (width 0.1))
    (fp_line (start -0.8 -0.4) (end 0.8 -0.4) (layer F.Fab) (width 0.1))
    (fp_line (start -0.8 0.4) (end -0.8 -0.4) (layer F.Fab) (width 0.1))
    (fp_text user %R (at 0 0 90) (layer F.Fab)
      (effects (font (size 0.4 0.4) (thickness 0.06)))
    )
    (pad 1 smd roundrect (at -0.8625 0 90) (size 1.075 0.95) (layers F._GND F.Paste F.Mask) (roundrect_rratio 0.25)
      (net 7 "Net-(C8-Pad1)"))
    (pad 2 smd roundrect (at 0.8625 0 90) (size 1.075 0.95) (layers F._GND F.Paste F.Mask) (roundrect_rratio 0.25)
      (net 1 GND))
    (model ${KISYS3DMOD}/Capacitor_SMD.3dshapes/C_0603_1608Metric.wrl
      (at (xyz 0 0 0))
      (scale (xyz 1 1 1))
      (rotate (xyz 0 0 0))
    )
  )

  (module Capacitor_SMD:C_0603_1608Metric_Pad1.08x0.95mm_HandSolder (layer F._GND) (tedit 5F68FEEF) (tstamp 61A156BE)
    (at 121.338 63.228 270)
    (descr "Capacitor SMD 0603 (1608 Metric), square (rectangular) end terminal, IPC_7351 nominal with elongated pad for handsoldering. (Body size source: IPC-SM-782 page 76, https://www.pcb-3d.com/wordpress/wp-content/uploads/ipc-sm-782a_amendment_1_and_2.pdf), generated with kicad-footprint-generator")
    (tags "capacitor handsolder")
    (path /618B375A/618C6FA9)
    (attr smd)
    (fp_text reference C9 (at 0 -1.43 90) (layer F.SilkS)
      (effects (font (size 1 1) (thickness 0.15)))
    )
    (fp_text value 2.2uF (at 0 1.43 90) (layer F.Fab)
      (effects (font (size 1 1) (thickness 0.15)))
    )
    (fp_line (start -0.8 0.4) (end -0.8 -0.4) (layer F.Fab) (width 0.1))
    (fp_line (start -0.8 -0.4) (end 0.8 -0.4) (layer F.Fab) (width 0.1))
    (fp_line (start 0.8 -0.4) (end 0.8 0.4) (layer F.Fab) (width 0.1))
    (fp_line (start 0.8 0.4) (end -0.8 0.4) (layer F.Fab) (width 0.1))
    (fp_line (start -0.146267 -0.51) (end 0.146267 -0.51) (layer F.SilkS) (width 0.12))
    (fp_line (start -0.146267 0.51) (end 0.146267 0.51) (layer F.SilkS) (width 0.12))
    (fp_line (start -1.65 0.73) (end -1.65 -0.73) (layer F.CrtYd) (width 0.05))
    (fp_line (start -1.65 -0.73) (end 1.65 -0.73) (layer F.CrtYd) (width 0.05))
    (fp_line (start 1.65 -0.73) (end 1.65 0.73) (layer F.CrtYd) (width 0.05))
    (fp_line (start 1.65 0.73) (end -1.65 0.73) (layer F.CrtYd) (width 0.05))
    (fp_text user %R (at 0 0 90) (layer F.Fab)
      (effects (font (size 0.4 0.4) (thickness 0.06)))
    )
    (pad 2 smd roundrect (at 0.8625 0 270) (size 1.075 0.95) (layers F._GND F.Paste F.Mask) (roundrect_rratio 0.25)
      (net 1 GND))
    (pad 1 smd roundrect (at -0.8625 0 270) (size 1.075 0.95) (layers F._GND F.Paste F.Mask) (roundrect_rratio 0.25)
      (net 8 "Net-(C9-Pad1)"))
    (model ${KISYS3DMOD}/Capacitor_SMD.3dshapes/C_0603_1608Metric.wrl
      (at (xyz 0 0 0))
      (scale (xyz 1 1 1))
      (rotate (xyz 0 0 0))
    )
  )

  (module Diode_SMD:D_0603_1608Metric_Pad1.05x0.95mm_HandSolder (layer F._GND) (tedit 5F68FEF0) (tstamp 61944217)
    (at 96.638 90.078)
    (descr "Diode SMD 0603 (1608 Metric), square (rectangular) end terminal, IPC_7351 nominal, (Body size source: http://www.tortai-tech.com/upload/download/2011102023233369053.pdf), generated with kicad-footprint-generator")
    (tags "diode handsolder")
    (path /61322896/61362664)
    (attr smd)
    (fp_text reference D2 (at 2.95 0) (layer F.SilkS)
      (effects (font (size 1 1) (thickness 0.15)))
    )
    (fp_text value FD300 (at 4.05 0) (layer F.Fab)
      (effects (font (size 1 1) (thickness 0.15)))
    )
    (fp_line (start 0.8 -0.4) (end -0.5 -0.4) (layer F.Fab) (width 0.1))
    (fp_line (start -0.5 -0.4) (end -0.8 -0.1) (layer F.Fab) (width 0.1))
    (fp_line (start -0.8 -0.1) (end -0.8 0.4) (layer F.Fab) (width 0.1))
    (fp_line (start -0.8 0.4) (end 0.8 0.4) (layer F.Fab) (width 0.1))
    (fp_line (start 0.8 0.4) (end 0.8 -0.4) (layer F.Fab) (width 0.1))
    (fp_line (start 0.8 -0.735) (end -1.66 -0.735) (layer F.SilkS) (width 0.12))
    (fp_line (start -1.66 -0.735) (end -1.66 0.735) (layer F.SilkS) (width 0.12))
    (fp_line (start -1.66 0.735) (end 0.8 0.735) (layer F.SilkS) (width 0.12))
    (fp_line (start -1.65 0.73) (end -1.65 -0.73) (layer F.CrtYd) (width 0.05))
    (fp_line (start -1.65 -0.73) (end 1.65 -0.73) (layer F.CrtYd) (width 0.05))
    (fp_line (start 1.65 -0.73) (end 1.65 0.73) (layer F.CrtYd) (width 0.05))
    (fp_line (start 1.65 0.73) (end -1.65 0.73) (layer F.CrtYd) (width 0.05))
    (fp_text user %R (at 0 0) (layer F.Fab)
      (effects (font (size 0.4 0.4) (thickness 0.06)))
    )
    (pad 2 smd roundrect (at 0.875 0) (size 1.05 0.95) (layers F._GND F.Paste F.Mask) (roundrect_rratio 0.25)
      (net 5 "Net-(C6-Pad1)"))
    (pad 1 smd roundrect (at -0.875 0) (size 1.05 0.95) (layers F._GND F.Paste F.Mask) (roundrect_rratio 0.25)
      (net 10 "Net-(D2-Pad1)"))
    (model ${KISYS3DMOD}/Diode_SMD.3dshapes/D_0603_1608Metric.wrl
      (at (xyz 0 0 0))
      (scale (xyz 1 1 1))
      (rotate (xyz 0 0 0))
    )
  )

  (module Diode_SMD:D_0603_1608Metric_Pad1.05x0.95mm_HandSolder (layer F._GND) (tedit 5F68FEF0) (tstamp 6194425C)
    (at 115.085001 63.225999 90)
    (descr "Diode SMD 0603 (1608 Metric), square (rectangular) end terminal, IPC_7351 nominal, (Body size source: http://www.tortai-tech.com/upload/download/2011102023233369053.pdf), generated with kicad-footprint-generator")
    (tags "diode handsolder")
    (path /618B375A/618C6FA8)
    (attr smd)
    (fp_text reference D5 (at 0 -1.43 90) (layer F.SilkS)
      (effects (font (size 1 1) (thickness 0.15)))
    )
    (fp_text value FD300 (at 0 1.43 90) (layer F.Fab)
      (effects (font (size 1 1) (thickness 0.15)))
    )
    (fp_line (start 0.8 -0.4) (end -0.5 -0.4) (layer F.Fab) (width 0.1))
    (fp_line (start -0.5 -0.4) (end -0.8 -0.1) (layer F.Fab) (width 0.1))
    (fp_line (start -0.8 -0.1) (end -0.8 0.4) (layer F.Fab) (width 0.1))
    (fp_line (start -0.8 0.4) (end 0.8 0.4) (layer F.Fab) (width 0.1))
    (fp_line (start 0.8 0.4) (end 0.8 -0.4) (layer F.Fab) (width 0.1))
    (fp_line (start 0.8 -0.735) (end -1.66 -0.735) (layer F.SilkS) (width 0.12))
    (fp_line (start -1.66 -0.735) (end -1.66 0.735) (layer F.SilkS) (width 0.12))
    (fp_line (start -1.66 0.735) (end 0.8 0.735) (layer F.SilkS) (width 0.12))
    (fp_line (start -1.65 0.73) (end -1.65 -0.73) (layer F.CrtYd) (width 0.05))
    (fp_line (start -1.65 -0.73) (end 1.65 -0.73) (layer F.CrtYd) (width 0.05))
    (fp_line (start 1.65 -0.73) (end 1.65 0.73) (layer F.CrtYd) (width 0.05))
    (fp_line (start 1.65 0.73) (end -1.65 0.73) (layer F.CrtYd) (width 0.05))
    (fp_text user %R (at 0 0 90) (layer F.Fab)
      (effects (font (size 0.4 0.4) (thickness 0.06)))
    )
    (pad 2 smd roundrect (at 0.875 0 90) (size 1.05 0.95) (layers F._GND F.Paste F.Mask) (roundrect_rratio 0.25)
      (net 8 "Net-(C9-Pad1)"))
    (pad 1 smd roundrect (at -0.875 0 90) (size 1.05 0.95) (layers F._GND F.Paste F.Mask) (roundrect_rratio 0.25)
      (net 13 "Net-(D5-Pad1)"))
    (model ${KISYS3DMOD}/Diode_SMD.3dshapes/D_0603_1608Metric.wrl
      (at (xyz 0 0 0))
      (scale (xyz 1 1 1))
      (rotate (xyz 0 0 0))
    )
  )

  (module Relay_THT:Relay_StandexMeder_DIP_LowProfile (layer F._GND) (tedit 5A54BF5F) (tstamp 619442AA)
    (at 131.938 83.778)
    (descr "package for Standex Meder DIP reed relay series, see https://standexelectronics.com/wp-content/uploads/datasheet_reed_relay_DIP.pdf")
    (tags "DIL DIP PDIP 2.54mm 7.62mm 300mil reed relay")
    (path /618B375A/618C6FA6)
    (fp_text reference K3 (at 3.81 -3.39) (layer F.SilkS)
      (effects (font (size 1 1) (thickness 0.15)))
    )
    (fp_text value DIPxx-1Cxx-51x (at 3.81 18.63) (layer F.Fab)
      (effects (font (size 1 1) (thickness 0.15)))
    )
    (fp_line (start 1.64 -2.27) (end 6.99 -2.27) (layer F.Fab) (width 0.1))
    (fp_line (start 6.99 -2.27) (end 6.99 17.51) (layer F.Fab) (width 0.1))
    (fp_line (start 6.99 17.51) (end 0.64 17.51) (layer F.Fab) (width 0.1))
    (fp_line (start 0.64 17.51) (end 0.64 -1.27) (layer F.Fab) (width 0.1))
    (fp_line (start 0.64 -1.27) (end 1.64 -2.27) (layer F.Fab) (width 0.1))
    (fp_line (start 2.81 -2.39) (end 1.04 -2.39) (layer F.SilkS) (width 0.12))
    (fp_line (start 1.04 -2.39) (end 1.04 17.63) (layer F.SilkS) (width 0.12))
    (fp_line (start 1.04 17.63) (end 6.58 17.63) (layer F.SilkS) (width 0.12))
    (fp_line (start 6.58 17.63) (end 6.58 -2.39) (layer F.SilkS) (width 0.12))
    (fp_line (start 6.58 -2.39) (end 4.81 -2.39) (layer F.SilkS) (width 0.12))
    (fp_line (start -1.1 -2.6) (end -1.1 17.8) (layer F.CrtYd) (width 0.05))
    (fp_line (start -1.1 17.8) (end 8.7 17.8) (layer F.CrtYd) (width 0.05))
    (fp_line (start 8.7 17.8) (end 8.7 -2.6) (layer F.CrtYd) (width 0.05))
    (fp_line (start 8.7 -2.6) (end -1.1 -2.6) (layer F.CrtYd) (width 0.05))
    (fp_arc (start 3.81 -2.39) (end 2.81 -2.39) (angle -180) (layer F.SilkS) (width 0.12))
    (fp_text user %R (at 3.815 7.62) (layer F.Fab)
      (effects (font (size 1 1) (thickness 0.15)))
    )
    (pad 14 thru_hole circle (at 7.62 0) (size 1.4 1.4) (drill 0.7) (layers *.Cu *.Mask)
      (net 16 "Net-(K3-Pad14)"))
    (pad 7 thru_hole circle (at 0 15.24) (size 1.4 1.4) (drill 0.7) (layers *.Cu *.Mask)
      (net 17 "Net-(K3-Pad7)"))
    (pad 8 thru_hole circle (at 7.62 15.24) (size 1.4 1.4) (drill 0.7) (layers *.Cu *.Mask)
      (net 17 "Net-(K3-Pad7)"))
    (pad 1 thru_hole rect (at 0 0) (size 1.4 1.4) (drill 0.7) (layers *.Cu *.Mask)
      (net 18 "Net-(K3-Pad1)"))
    (pad 2 thru_hole circle (at 0 2.54) (size 1.4 1.4) (drill 0.7) (layers *.Cu *.Mask)
      (net 14 "Net-(D6-Pad2)"))
    (pad 6 thru_hole circle (at 0 12.8) (size 1.4 1.4) (drill 0.7) (layers *.Cu *.Mask)
      (net 76 +24V))
    (pad 9 thru_hole circle (at 7.62 12.8) (size 1.4 1.4) (drill 0.7) (layers *.Cu *.Mask))
    (pad 13 thru_hole circle (at 7.62 2.54) (size 1.4 1.4) (drill 0.7) (layers *.Cu *.Mask))
    (model ${KISYS3DMOD}/Relay_THT.3dshapes/Relay_StandexMeder_DIP_LowProfile.wrl
      (at (xyz 0 0 0))
      (scale (xyz 1 1 1))
      (rotate (xyz 0 0 0))
    )
  )

  (module Relay_THT:Relay_StandexMeder_DIP_LowProfile (layer F._GND) (tedit 5A54BF5F) (tstamp 619442C6)
    (at 116.288 84.038)
    (descr "package for Standex Meder DIP reed relay series, see https://standexelectronics.com/wp-content/uploads/datasheet_reed_relay_DIP.pdf")
    (tags "DIL DIP PDIP 2.54mm 7.62mm 300mil reed relay")
    (path /61322896/61350345)
    (fp_text reference K20 (at 3.81 -3.39) (layer F.SilkS)
      (effects (font (size 1 1) (thickness 0.15)))
    )
    (fp_text value DIPxx-1Cxx-51x (at 3.81 18.63) (layer F.Fab)
      (effects (font (size 1 1) (thickness 0.15)))
    )
    (fp_line (start 8.7 -2.6) (end -1.1 -2.6) (layer F.CrtYd) (width 0.05))
    (fp_line (start 8.7 17.8) (end 8.7 -2.6) (layer F.CrtYd) (width 0.05))
    (fp_line (start -1.1 17.8) (end 8.7 17.8) (layer F.CrtYd) (width 0.05))
    (fp_line (start -1.1 -2.6) (end -1.1 17.8) (layer F.CrtYd) (width 0.05))
    (fp_line (start 6.58 -2.39) (end 4.81 -2.39) (layer F.SilkS) (width 0.12))
    (fp_line (start 6.58 17.63) (end 6.58 -2.39) (layer F.SilkS) (width 0.12))
    (fp_line (start 1.04 17.63) (end 6.58 17.63) (layer F.SilkS) (width 0.12))
    (fp_line (start 1.04 -2.39) (end 1.04 17.63) (layer F.SilkS) (width 0.12))
    (fp_line (start 2.81 -2.39) (end 1.04 -2.39) (layer F.SilkS) (width 0.12))
    (fp_line (start 0.64 -1.27) (end 1.64 -2.27) (layer F.Fab) (width 0.1))
    (fp_line (start 0.64 17.51) (end 0.64 -1.27) (layer F.Fab) (width 0.1))
    (fp_line (start 6.99 17.51) (end 0.64 17.51) (layer F.Fab) (width 0.1))
    (fp_line (start 6.99 -2.27) (end 6.99 17.51) (layer F.Fab) (width 0.1))
    (fp_line (start 1.64 -2.27) (end 6.99 -2.27) (layer F.Fab) (width 0.1))
    (fp_text user %R (at 3.815 7.62) (layer F.Fab)
      (effects (font (size 1 1) (thickness 0.15)))
    )
    (fp_arc (start 3.81 -2.39) (end 2.81 -2.39) (angle -180) (layer F.SilkS) (width 0.12))
    (pad 13 thru_hole circle (at 7.62 2.54) (size 1.4 1.4) (drill 0.7) (layers *.Cu *.Mask))
    (pad 9 thru_hole circle (at 7.62 12.8) (size 1.4 1.4) (drill 0.7) (layers *.Cu *.Mask))
    (pad 6 thru_hole circle (at 0 12.8) (size 1.4 1.4) (drill 0.7) (layers *.Cu *.Mask)
      (net 76 +24V))
    (pad 2 thru_hole circle (at 0 2.54) (size 1.4 1.4) (drill 0.7) (layers *.Cu *.Mask)
      (net 11 "Net-(D3-Pad2)"))
    (pad 1 thru_hole rect (at 0 0) (size 1.4 1.4) (drill 0.7) (layers *.Cu *.Mask)
      (net 19 "Net-(K20-Pad1)"))
    (pad 8 thru_hole circle (at 7.62 15.24) (size 1.4 1.4) (drill 0.7) (layers *.Cu *.Mask)
      (net 20 "Net-(K20-Pad7)"))
    (pad 7 thru_hole circle (at 0 15.24) (size 1.4 1.4) (drill 0.7) (layers *.Cu *.Mask)
      (net 20 "Net-(K20-Pad7)"))
    (pad 14 thru_hole circle (at 7.62 0) (size 1.4 1.4) (drill 0.7) (layers *.Cu *.Mask)
      (net 21 "Net-(K20-Pad14)"))
    (model ${KISYS3DMOD}/Relay_THT.3dshapes/Relay_StandexMeder_DIP_LowProfile.wrl
      (at (xyz 0 0 0))
      (scale (xyz 1 1 1))
      (rotate (xyz 0 0 0))
    )
  )

  (module Package_TO_SOT_SMD:SOT-23 (layer F._GND) (tedit 5A02FF57) (tstamp 619442DB)
    (at 49.588 91.928 90)
    (descr "SOT-23, Standard")
    (tags SOT-23)
    (path /612E15A4/6131279D)
    (attr smd)
    (fp_text reference Q1 (at 0 -2.5 90) (layer F.SilkS)
      (effects (font (size 1 1) (thickness 0.15)))
    )
    (fp_text value BC848 (at 0 2.5 90) (layer F.Fab)
      (effects (font (size 1 1) (thickness 0.15)))
    )
    (fp_line (start 0.76 1.58) (end -0.7 1.58) (layer F.SilkS) (width 0.12))
    (fp_line (start 0.76 -1.58) (end -1.4 -1.58) (layer F.SilkS) (width 0.12))
    (fp_line (start -1.7 1.75) (end -1.7 -1.75) (layer F.CrtYd) (width 0.05))
    (fp_line (start 1.7 1.75) (end -1.7 1.75) (layer F.CrtYd) (width 0.05))
    (fp_line (start 1.7 -1.75) (end 1.7 1.75) (layer F.CrtYd) (width 0.05))
    (fp_line (start -1.7 -1.75) (end 1.7 -1.75) (layer F.CrtYd) (width 0.05))
    (fp_line (start 0.76 -1.58) (end 0.76 -0.65) (layer F.SilkS) (width 0.12))
    (fp_line (start 0.76 1.58) (end 0.76 0.65) (layer F.SilkS) (width 0.12))
    (fp_line (start -0.7 1.52) (end 0.7 1.52) (layer F.Fab) (width 0.1))
    (fp_line (start 0.7 -1.52) (end 0.7 1.52) (layer F.Fab) (width 0.1))
    (fp_line (start -0.7 -0.95) (end -0.15 -1.52) (layer F.Fab) (width 0.1))
    (fp_line (start -0.15 -1.52) (end 0.7 -1.52) (layer F.Fab) (width 0.1))
    (fp_line (start -0.7 -0.95) (end -0.7 1.5) (layer F.Fab) (width 0.1))
    (fp_text user %R (at 0 0) (layer F.Fab)
      (effects (font (size 0.5 0.5) (thickness 0.075)))
    )
    (pad 1 smd rect (at -1 -0.95 90) (size 0.9 0.8) (layers F._GND F.Paste F.Mask)
      (net 9 "Net-(D1-Pad1)"))
    (pad 2 smd rect (at -1 0.95 90) (size 0.9 0.8) (layers F._GND F.Paste F.Mask)
      (net 1 GND))
    (pad 3 smd rect (at 1 0 90) (size 0.9 0.8) (layers F._GND F.Paste F.Mask)
      (net 22 "Net-(Q1-Pad3)"))
    (model ${KISYS3DMOD}/Package_TO_SOT_SMD.3dshapes/SOT-23.wrl
      (at (xyz 0 0 0))
      (scale (xyz 1 1 1))
      (rotate (xyz 0 0 0))
    )
  )

  (module Package_TO_SOT_SMD:SOT-23 (layer F._GND) (tedit 5A02FF57) (tstamp 619442F0)
    (at 82.138 95.878 180)
    (descr "SOT-23, Standard")
    (tags SOT-23)
    (path /61322896/618C6FB4)
    (attr smd)
    (fp_text reference Q2 (at 0 -2.5) (layer F.SilkS)
      (effects (font (size 1 1) (thickness 0.15)))
    )
    (fp_text value BC848 (at 0 2.5) (layer F.Fab)
      (effects (font (size 1 1) (thickness 0.15)))
    )
    (fp_line (start -0.7 -0.95) (end -0.7 1.5) (layer F.Fab) (width 0.1))
    (fp_line (start -0.15 -1.52) (end 0.7 -1.52) (layer F.Fab) (width 0.1))
    (fp_line (start -0.7 -0.95) (end -0.15 -1.52) (layer F.Fab) (width 0.1))
    (fp_line (start 0.7 -1.52) (end 0.7 1.52) (layer F.Fab) (width 0.1))
    (fp_line (start -0.7 1.52) (end 0.7 1.52) (layer F.Fab) (width 0.1))
    (fp_line (start 0.76 1.58) (end 0.76 0.65) (layer F.SilkS) (width 0.12))
    (fp_line (start 0.76 -1.58) (end 0.76 -0.65) (layer F.SilkS) (width 0.12))
    (fp_line (start -1.7 -1.75) (end 1.7 -1.75) (layer F.CrtYd) (width 0.05))
    (fp_line (start 1.7 -1.75) (end 1.7 1.75) (layer F.CrtYd) (width 0.05))
    (fp_line (start 1.7 1.75) (end -1.7 1.75) (layer F.CrtYd) (width 0.05))
    (fp_line (start -1.7 1.75) (end -1.7 -1.75) (layer F.CrtYd) (width 0.05))
    (fp_line (start 0.76 -1.58) (end -1.4 -1.58) (layer F.SilkS) (width 0.12))
    (fp_line (start 0.76 1.58) (end -0.7 1.58) (layer F.SilkS) (width 0.12))
    (fp_text user %R (at 0 0 90) (layer F.Fab)
      (effects (font (size 0.5 0.5) (thickness 0.075)))
    )
    (pad 3 smd rect (at 1 0 180) (size 0.9 0.8) (layers F._GND F.Paste F.Mask)
      (net 11 "Net-(D3-Pad2)"))
